11,Blue B-A, Blue A-A, Violet H-A ,Violet G-A ,Red C-A, Red B-A, Red A-A, 
Green E-A, Green D-A, Green C-A, Green A-A,1,        9.99e-3, 0,       0.0507,  7.91e-4,  0,       0,       7.33e-3, 5.11e-3, 0,  
     0      ,
                0,        1,       0,       0,       0.0166,   0.159,   0.0751,  0,       0,       0.15
1,   0.0801 ,
                0,        0,       1,       1.3,     0.01,     9.01e-4, 0.1,     0.02,    0,       0,  
     0.03   ,
                0.168,    8.19e-4, 0.0263,  1,       7.e-3,    0,       0,       0,       0,       0,  
     0      ,
                0,        0.0127,  0,       0,       1,        0.489,   0.237,   0,       2.35e-3, 0.34
,    0.0214 ,
                0,        0.0559,  0,       8.36e-3, 0,        1,       0.643,   1.12e-3, -0.01,   3.9e
-3,  0.0474 , 
                0,        1.16e-3, 1.e-3,   0,       0.0274,   0.0185,  1,       0,       0,       9.95
e-3, 0.111  ,
                5.77e-4,  0.0498,  0,       -0.01,   2.05e-3,  1.29e-3, 0.01,    1,       0.83,    0.16
3,   6.47e-3,
                0,        0.0993,  0,       0,       5.e-3,    5.e-3,   9.88e-4, 0.0687,  1,       0.27
8,   0.0173,
                0,        0.35,    0,       0,       0.125,    0.13,    0.0513,  0.017,   0.018,   1,  
     0.0936 ,
                 5.47e-4,  0.0563,  0,       0,       1.14e-3,  1.14e-3, 0.0313,  0.447,   0.376,   0.07
87,  1      

